158

0
Convolution
48.2955
4.36511
0
0
1

1
BatchNorm
4.36511
17.4796
0
0
1

2
Relu_
17.4796
17.4796
0
0
1

3
MaxPooling
17.4796
17.4796
0
0
1

4
Convolution
17.4796
21.9342
0
0
1

5
BatchNorm
21.9342
22.8368
0
0
1

6
Relu_
22.8368
22.8368
0
0
1

7
Convolution
54.0526
48.0023
0
0
1

8
BatchNorm
48.0023
53.1515
0
0
1

9
Relu_
53.1515
53.1515
0
0
1

10
Convolution
53.1515
123.027
0
0
1

11
BatchNorm
123.027
47.2756
0
0
1

12
Convolution
17.4796
20.6143
0
0
1

13
BatchNorm
20.6143
21.3394
0
0
1

14
Relu_
21.6174
21.6174
0
0
1

15
Convolution
28.0452
62.4324
0
0
1

16
BatchNorm
62.4324
45.5921
0
0
1

17
Relu_
45.5921
45.5921
0
0
1

18
Convolution
52.1288
74.6643
0
0
1

19
BatchNorm
74.6643
44.7792
0
0
1

20
Relu_
44.7792
44.7792
0
0
1

21
Convolution
44.7792
146.963
0
0
1

22
BatchNorm
146.963
51.6363
0
0
1

23
Relu_
26.8421
26.8421
0
0
1

24
Convolution
26.8421
75.8944
0
0
1

25
BatchNorm
75.8944
49.2378
0
0
1

26
Relu_
49.2378
49.2378
0
0
1

27
Convolution
60.4841
68.0271
0
0
1

28
BatchNorm
68.0271
38.1616
0
0
1

29
Relu_
38.1616
38.1616
0
0
1

30
Convolution
38.1616
140.567
0
0
1

31
BatchNorm
140.567
31.5956
0
0
1

32
Relu_
28.8873
28.8873
0
0
1

33
Convolution
28.8873
39.5044
0
0
1

34
BatchNorm
39.5044
33.3313
0
0
1

35
Relu_
33.3313
33.3313
0
0
1

36
Convolution
33.3313
46.7308
0
0
1

37
BatchNorm
46.7308
41.8709
0
0
1

38
Relu_
41.8709
41.8709
0
0
1

39
Convolution
41.8709
74.3651
0
0
1

40
BatchNorm
74.3651
26.3898
0
0
1

41
Convolution
28.8873
66.5806
0
0
1

42
BatchNorm
66.5806
32.2648
0
0
1

43
Relu_
25.152
25.152
0
0
1

44
Convolution
25.152
47.7692
0
0
1

45
BatchNorm
47.7692
87.1889
0
0
1

46
Relu_
87.1889
87.1889
0
0
1

47
Convolution
87.1889
43.1181
0
0
1

48
BatchNorm
43.1181
54.4579
0
0
1

49
Relu_
54.4579
54.4579
0
0
1

50
Convolution
54.4579
67.3879
0
0
1

51
BatchNorm
67.3879
25.1961
0
0
1

52
Relu_
25.1961
25.1961
0
0
1

53
Convolution
25.1967
60.5522
0
0
1

54
BatchNorm
60.5522
54.0903
0
0
1

55
Relu_
54.0903
54.0903
0
0
1

56
Convolution
61.0308
79.8612
0
0
1

57
BatchNorm
79.8612
57.8424
0
0
1

58
Relu_
57.8424
57.8424
0
0
1

59
Convolution
57.8424
181.79
0
0
1

60
BatchNorm
181.79
49.1843
0
0
1

61
Relu_
25.2372
25.2372
0
0
1

62
Convolution
25.2372
71.14
0
0
1

63
BatchNorm
71.14
48.544
0
0
1

64
Relu_
48.544
48.544
0
0
1

65
Convolution
48.544
66.498
0
0
1

66
BatchNorm
66.498
40.0808
0
0
1

67
Relu_
40.0808
40.0808
0
0
1

68
Convolution
40.0808
164.331
0
0
1

69
BatchNorm
164.331
47.0974
0
0
1

70
Relu_
27.1537
27.1537
0
0
1

71
Convolution
27.1537
52.3347
0
0
1

72
BatchNorm
52.3347
31.8314
0
0
1

73
Relu_
31.8314
31.8314
0
0
1

74
Convolution
31.8314
40.2761
0
0
1

75
BatchNorm
40.2761
50.9034
0
0
1

76
Relu_
50.9034
50.9034
0
0
1

77
Convolution
50.9034
129.717
0
0
1

78
BatchNorm
129.717
33.5763
0
0
1

79
Convolution
27.1537
93.0154
0
0
1

80
BatchNorm
93.0154
60.7567
0
0
1

81
Relu_
30.1829
30.1829
0
0
1

82
Convolution
30.1829
49.5428
0
0
1

83
BatchNorm
49.5428
41.8141
0
0
1

84
Relu_
41.8141
41.8141
0
0
1

85
Convolution
41.8141
71.2344
0
0
1

86
BatchNorm
71.2344
63.8274
0
0
1

87
Relu_
63.8274
63.8274
0
0
1

88
Convolution
63.8274
94.6949
0
0
1

89
BatchNorm
94.6949
34.0849
0
0
1

90
Relu_
26.9449
26.9449
0
0
1

91
Convolution
26.9449
86.0534
0
0
1

92
BatchNorm
86.0534
68.985
0
0
1

93
Relu_
68.985
68.985
0
0
1

94
Convolution
68.985
84.5274
0
0
1

95
BatchNorm
84.5274
71.8412
0
0
1

96
Relu_
71.8412
71.8412
0
0
1

97
Convolution
71.8779
252.623
0
0
1

98
BatchNorm
252.623
58.0573
0
0
1

99
Relu_
29.2343
29.2343
0
0
1

100
Convolution
29.2343
85.7864
0
0
1

101
BatchNorm
85.7864
51.3754
0
0
1

102
Relu_
51.3754
51.3754
0
0
1

103
Convolution
51.3754
58.0341
0
0
1

104
BatchNorm
58.0341
55.0283
0
0
1

105
Relu_
55.0283
55.0283
0
0
1

106
Convolution
63.062
143.828
0
0
1

107
BatchNorm
143.828
39.316
0
0
1

108
Relu_
24.3598
24.3598
0
0
1

109
Convolution
24.3598
78.1503
0
0
1

110
BatchNorm
78.1503
37.1598
0
0
1

111
Relu_
37.1598
37.1598
0
0
1

112
Convolution
37.1598
101.664
0
0
1

113
BatchNorm
101.664
52.5374
0
0
1

114
Relu_
52.5374
52.5374
0
0
1

115
Convolution
52.5374
200.401
0
0
1

116
BatchNorm
200.401
42.2904
0
0
1

117
Relu_
23.8269
23.8269
0
0
1

118
Convolution
23.8269
69.5128
0
0
1

119
BatchNorm
69.5128
43.7143
0
0
1

120
Relu_
43.7143
43.7143
0
0
1

121
Convolution
43.7143
68.964
0
0
1

122
BatchNorm
68.964
33.1312
0
0
1

123
Relu_
33.1312
33.1312
0
0
1

124
Convolution
33.7873
74.008
0
0
1

125
BatchNorm
74.008
24.8489
0
0
1

126
Relu_
24.8869
24.8869
0
0
1

127
Convolution
26.5195
52.0171
0
0
1

128
BatchNorm
52.0171
30.2592
0
0
1

129
Relu_
30.2592
30.2592
0
0
1

130
Convolution
30.2592
26.9637
0
0
1

131
BatchNorm
26.9637
35.9198
0
0
1

132
Relu_
35.9198
35.9198
0
0
1

133
Convolution
35.9198
92.537
0
0
1

134
BatchNorm
92.537
11.0965
0
0
1

135
Convolution
26.5195
117.987
0
0
1

136
BatchNorm
117.987
13.9994
0
0
1

137
Relu_
8.37713
8.37713
0
0
1

138
Convolution
8.37713
20.4898
0
0
1

139
BatchNorm
20.4898
40.0066
0
0
1

140
Relu_
40.0066
40.0066
0
0
1

141
Convolution
40.0066
75.5693
0
0
1

142
BatchNorm
75.5693
48.6949
0
0
1

143
Relu_
48.6949
48.6949
0
0
1

144
Convolution
58.1936
197.742
0
0
1

145
BatchNorm
197.742
14.6263
0
0
1

146
Relu_
7.59368
7.59368
0
0
1

147
Convolution
7.59368
13.3678
0
0
1

148
BatchNorm
13.3678
27.7958
0
0
1

149
Relu_
27.7958
27.7958
0
0
1

150
Convolution
42.5984
94.1909
0
0
1

151
BatchNorm
94.1909
39.9455
0
0
1

152
Relu_
39.9455
39.9455
0
0
1

153
Convolution
49.0017
125.436
0
0
1

154
BatchNorm
125.436
4.89175
0
0
1

155
Relu_
3.65852
3.65852
0
0
1

156
AdaptiveAvgPool2d
3.65852
3.65852
0
0
1

157
Linear
14.3866
3.7106
0
0
1

